icddrb29 icddrb29 -0.16026 -0.0908589 0.882613 -0.304786 0.0925344 0.0867583 -0.00811072 -0.117896 0.0721386 0.0236326 0.00268327 -0.00109772 0.00336916 -0.00460491 -0.0021161 0.000811557 -0.241448
icddrb63 icddrb63 0.207142 0.0186048 0.0583938 -0.0229603 -0.883869 0.0119523 -0.328503 0.0563543 0.0267978 0.0123935 -0.00596191 0.00370105 0.0028981 -0.00783275 -0.000840463 0.000799189 -0.24364
icddrb90 icddrb90 -0.279676 -0.176718 -0.103706 0.0262311 -0.017819 -0.194603 0.0654127 0.224761 0.472717 -0.0379952 0.0172251 0.00361661 0.720413 -0.0393413 -0.0177926 0.00200464 -0.200118
icddrb93 icddrb93 -0.182215 -0.11957 0.0459542 -0.00877894 -0.00520269 -0.181516 0.136131 0.66859 -0.627597 0.0160673 -0.00342337 0.00151665 -0.0171883 -0.000613937 -0.00546944 0.000905034 -0.239408
icddrb111 icddrb111 -0.281823 -0.177999 -0.101882 0.0291413 -0.0198867 -0.196711 0.0620555 0.222332 0.511189 -0.0437969 0.0191449 -0.014066 -0.692396 0.00263384 -0.000204326 0.00144753 -0.205112
SRR6117460 SRR6117460 0.231025 0.0140399 -0.0784333 -0.109071 0.151981 0.00681224 -0.0837853 0.0286149 0.0205987 0.0375326 0.237874 -0.48935 0.0041917 -0.360961 0.640772 -0.0022346 -0.242103
SRR6147472 SRR6147472 0.231292 0.014184 -0.0804624 -0.112419 0.142591 0.00729165 -0.0748136 0.0216766 0.0249579 0.0501679 0.431578 -0.438506 0.0147162 0.473978 -0.48271 0.000791927 -0.247325
SRR6147581 SRR6147581 0.232456 0.0141592 -0.0807578 -0.117018 0.163263 0.0079367 -0.0969706 0.0307655 0.0306127 -0.0093702 -0.364485 0.0011752 -0.0129528 -0.316312 -0.296714 0.713789 -0.238434
SRR6147587 SRR6147587 0.231819 0.0154072 -0.0724516 -0.114962 0.154456 -0.00266637 -0.0791051 0.0569701 0.0624266 -0.0242871 -0.449475 0.180392 0.0234096 0.648902 0.412502 -0.00873011 -0.251552
SRR6147945 SRR6147945 0.232372 0.0140986 -0.0804648 -0.116966 0.163225 0.00678079 -0.0967028 0.0320959 0.0320893 -0.00976864 -0.365489 0.000835237 -0.0128841 -0.329087 -0.310192 -0.700295 -0.242435
SRR6147964 SRR6147964 0.230739 0.0141032 -0.0810089 -0.113241 0.155501 0.00702632 -0.0887986 0.0262855 0.0242271 0.0562127 0.530537 0.731677 -0.010896 -0.1161 0.0384278 0.000787565 -0.242334
SRR6148259 SRR6148259 0.223149 0.0220996 -0.0328351 -0.0345893 -0.224421 0.00589802 0.891463 -0.202802 0.000880743 0.0150151 -0.0149411 0.00911242 -0.00173747 -0.0161834 -0.00242203 0.000826828 -0.245772
SRR6813716 SRR6813716 -0.26034 -0.167401 -0.149126 0.0206235 0.00699505 -0.273491 -0.125092 -0.507548 -0.285075 -0.589551 0.0313713 0.00246383 -0.00190977 0.00775328 0.00710905 0.000332792 -0.321705
SRR6813717 SRR6813717 -0.337145 0.908105 -0.0363173 0.000217777 0.00754401 -0.000479527 -0.00303212 0.00893728 0.0244732 0.0145491 -0.000175457 -0.000450139 0.000975612 -0.00354497 -0.00132412 0.000737705 -0.243694
SRR6813718 SRR6813718 -0.269503 -0.17039 -0.157281 0.0320236 -0.00273824 -0.150487 -0.0888948 -0.359249 -0.155403 0.797124 -0.0727861 0.00568949 -0.00495285 0.0123875 0.00781586 -0.000144119 -0.218702
SRR6813719 SRR6813719 -0.286691 -0.175079 -0.195315 0.0479385 -0.0103348 0.886 0.00533494 0.0292544 -0.0342185 -0.0651258 -0.000289373 0.00178708 -0.000616367 0.00410055 0.00374546 -0.00013461 -0.235107
SRR7898459 SRR7898459 0.18061 0.0101208 0.263405 0.906681 0.118845 0.00874009 -0.0393679 -0.00568401 0.02716 0.0123963 -0.00188624 0.00136185 0.00323827 -0.00230061 -0.00496832 0.000835641 -0.243115
