icddrb29 icddrb29 -0.275817 -0.824405 -0.40806 -0.022589 -0.0136811 0.0103979 -0.0735748 0.0608245 -0.0613704 0.000505607 -5.74232e-05 -0.00103781 0.00281763 -0.000392951 0.000497208 -0.253127
icddrb63 icddrb63 0.171397 -0.00773107 0.00410267 0.413469 0.802556 0.295402 0.0660704 -0.00415029 -0.0191635 -0.00557064 -0.00143058 -0.00189132 0.00129745 -0.000303148 0.000835326 -0.251877
icddrb90 icddrb90 -0.304484 0.0379037 0.2542 -0.01652 -0.0077709 -0.0570829 0.235767 -0.223558 -0.425664 0.00369124 -0.00413782 -0.00351488 -0.706027 0.00456331 0.000915184 -0.2288
icddrb93 icddrb93 -0.231801 -0.0410794 0.163396 -0.00635107 -0.00802918 -0.0573069 0.235332 -0.478376 0.75504 -0.00783299 0.00403357 0.00289278 0.0155141 7.77679e-05 -0.000276532 -0.244657
icddrb111 icddrb111 -0.305629 0.0428718 0.257089 -0.0164056 -0.00781382 -0.0553398 0.22629 -0.204215 -0.437952 0.0040364 -0.00236405 -0.00186629 0.707901 -0.00570439 0.000372249 -0.222196
SRR6117460 SRR6117460 0.227358 0.00817605 0.000164821 -0.204418 -0.0483218 0.072347 0.012806 -0.00726295 -0.0129446 0.359786 -0.602913 0.583658 0.00129652 -0.00503572 0.00513822 -0.254641
SRR6147472 SRR6147472 0.227118 0.00849301 0.0002723 -0.202147 -0.0447301 0.0666443 0.0122704 -0.00922772 -0.0184768 0.490619 0.748406 0.187842 1.12389e-05 -0.0040145 -0.00272167 -0.253645
SRR6147581 SRR6147581 0.228476 0.00864854 -8.10654e-05 -0.211825 -0.0484329 0.0669389 0.0126519 -0.00720028 -0.021499 -0.398376 0.0434184 0.00279706 0.0055205 0.548013 0.608467 -0.253329
SRR6147587 SRR6147587 0.228371 0.00842003 -0.000218388 -0.211664 -0.0476113 0.0657272 0.0129887 -0.00731809 -0.0211415 -0.411377 0.0435858 0.00441166 -0.00440451 -0.795697 0.167825 -0.251492
SRR6147945 SRR6147945 0.228451 0.0088045 5.63799e-05 -0.211692 -0.04796 0.0669254 0.0121394 -0.00664566 -0.0222729 -0.400723 0.0367517 0.00601227 0.00287969 0.257725 -0.775605 -0.255913
SRR6147964 SRR6147964 0.226997 0.0079744 -0.000475839 -0.207419 -0.0461867 0.0694045 0.0136068 -0.00851718 -0.00860877 0.375742 -0.266797 -0.789902 0.00250662 -0.00521485 0.000322391 -0.24852
SRR6148259 SRR6148259 0.213501 0.0044829 0.0027301 0.214062 0.10854 -0.893756 -0.183216 0.0141859 -0.0155024 0.00166386 -0.0047263 -0.00087628 0.000872459 0.000269802 0.000577201 -0.252883
SRR6813717 SRR6813717 -0.300554 0.540928 -0.741674 0.0048521 -0.00967655 -0.00899517 0.0454507 -0.0166194 -0.00998411 0.000296385 -0.000273502 -0.000845438 0.0010091 -0.000518476 0.000551352 -0.253656
SRR6813718 SRR6813718 -0.295537 0.0805765 0.264832 -0.0253158 -0.00814874 -0.0279817 0.193541 0.818443 0.221806 -0.000508101 0.00209477 -0.000636534 -0.00770018 -0.000550147 0.000808785 -0.279229
SRR6813719 SRR6813719 -0.286878 0.125563 0.235766 -0.0135551 0.000687173 0.173764 -0.867442 -0.0712165 0.0283902 -0.000643416 3.11607e-05 -0.00182257 -0.00484536 -0.000993769 0.000979259 -0.240019
SRR7898459 SRR7898459 0.194405 -0.00509697 0.0157835 0.721888 -0.574637 0.213061 0.0390389 0.000289317 -0.0213718 -0.00501091 0.000666341 -0.00404519 0.00104912 -0.000949766 0.000528313 -0.251362
