icddrb29 icddrb29 0.325357 -0.109296 0.143737 -0.0159584 0.147308 0.812252 -0.00172596 -0.272984 0.234716 0.0587326 0.0163377 -0.000740199 3.76293e-06 -0.000775234 -0.000992285 0.000181279 -8.4083e-06 -0.215631
icddrb47 icddrb47 0.876854 0.216612 -0.0639849 -0.00622528 -0.0445909 -0.319786 0.00563935 0.0901756 -0.0720028 0.0272765 0.0145379 -0.000136612 0.000337436 -0.000962068 -0.00156132 0.00054019 -0.000261263 -0.248021
icddrb63 icddrb63 -0.0905444 0.1623 0.00811016 0.394371 -0.794941 0.141927 -0.318086 -0.00743064 -0.00318457 0.0182402 0.0138524 0.00575381 0.0015653 -0.00150278 -0.000670082 0.000192028 -0.000447633 -0.236611
icddrb90 icddrb90 -0.0261127 -0.303603 0.168605 -0.0111875 0.00332536 -0.00433977 0.00645593 0.163385 -0.304772 0.470601 -0.0158451 -0.00207473 0.00357458 -0.00260154 0.704739 -0.00485606 -0.00328306 -0.201264
icddrb93 icddrb93 0.0118855 -0.215705 0.14613 -0.00384376 0.0292274 0.138785 0.00634397 0.123373 -0.595943 -0.699465 0.0394071 0.00517496 -0.00278691 0.00239482 -0.00934915 -3.27126e-05 0.000517192 -0.224732
icddrb111 icddrb111 -0.0280313 -0.305763 0.168504 -0.0109832 0.002201 -0.0108516 0.00688302 0.1579 -0.290409 0.474812 -0.00915669 -0.00246012 0.00279482 -0.00156692 -0.709297 0.00517645 0.00270955 -0.197702
SRR6117460 SRR6117460 -0.1195 0.209869 0.00121555 -0.203538 0.0535047 -0.00330718 -0.0716887 -0.00866513 -0.00910476 0.016285 0.0148517 -0.361761 0.654786 0.52368 -0.000632333 0.0066396 -0.00427964 -0.240144
SRR6147472 SRR6147472 -0.119514 0.2096 0.00108707 -0.201425 0.04937 -0.00242532 -0.0661806 -0.0082513 -0.0115037 0.0219916 0.0138511 -0.495501 -0.726302 0.250633 -3.07403e-05 0.0043302 0.00317539 -0.240062
SRR6147581 SRR6147581 -0.11998 0.210848 0.00089606 -0.2111 0.0534179 -0.00285606 -0.0665046 -0.00783062 -0.00906562 0.0223463 0.0136153 0.396733 -0.0437696 0.00971492 -0.00711558 -0.491093 -0.655925 -0.240007
SRR6147587 SRR6147587 -0.119871 0.210649 0.000972352 -0.210871 0.0526213 -0.00226014 -0.0653641 -0.00747115 -0.00957762 0.0227244 0.0146765 0.41255 -0.0447569 0.0113822 0.00447243 0.806822 -0.0946604 -0.237889
SRR6147945 SRR6147945 -0.120053 0.210836 0.000843295 -0.211079 0.052901 -0.00324462 -0.0664009 -0.00808212 -0.00866455 0.0231317 0.0140951 0.400465 -0.0375759 0.0135707 1.46881e-06 -0.328203 0.748834 -0.240938
SRR6147964 SRR6147964 -0.119038 0.209283 0.00104835 -0.206075 0.0511443 -0.00198927 -0.0688715 -0.00750899 -0.010774 0.0137193 0.0123981 -0.368155 0.195835 -0.813938 -0.00137051 0.00555397 0.00156763 -0.235085
SRR6148259 SRR6148259 -0.114812 0.198165 0.00322446 0.217239 -0.123785 0.0372364 0.908447 0.016431 0.0136951 0.0159157 0.0155247 -0.00130633 0.0046422 -0.00092545 -0.000328383 -0.000382663 -0.000251969 -0.23955
SRR6813716 SRR6813716 -0.0313369 -0.297326 0.14361 -0.0202012 -0.0176028 -0.153072 -0.00898459 0.248204 0.456019 -0.193393 -0.680234 0.000490975 -0.00126288 0.000522019 0.000304122 0.00130225 -0.000146888 -0.309967
SRR6813717 SRR6813717 -0.0358666 -0.293049 -0.91975 0.00288081 0.0239167 0.0846249 -0.00217888 0.0317304 -0.0190826 0.0151352 0.0192871 -0.000203782 0.000370398 -0.00078251 -0.000628895 0.000446046 -0.000216276 -0.239114
SRR6813718 SRR6813718 -0.0335461 -0.297243 0.151088 -0.0218854 -0.0189202 -0.155723 -0.0103848 0.258055 0.445051 -0.131062 0.729598 -0.000494919 -0.00145716 -0.00175482 0.00723946 7.69509e-05 -0.00048281 -0.219746
SRR6813719 SRR6813719 -0.0343396 -0.287934 0.0853208 -0.00738794 -0.0605399 -0.366318 0.0249598 -0.848835 -0.0136548 -0.0357665 0.0201364 0.000638971 -7.39091e-05 -0.00157805 0.00481693 0.00082133 -0.000522556 -0.218367
SRR7898459 SRR7898459 -0.108611 0.180917 0.0177794 0.733297 0.554028 -0.0893369 -0.212598 -0.00819065 -0.00076125 0.0219934 0.0150287 0.0053797 -0.00122323 -0.00360484 -0.000553699 0.000826872 -8.75598e-05 -0.237666
