icddrb29 icddrb29 -0.146165 0.300723 -0.10448 0.00640115 0.19238 -0.762172 -0.390057 0.0465208 0.239502 -0.0389813 -0.0248585 0.00408496 0.00109248 -0.00661499 -0.00333948 0.00411772 0.000718145 -0.213147
icddrb47 icddrb47 0.0407724 0.900409 -0.0127038 -0.021479 -0.108945 0.301947 0.138377 -0.0210664 -0.0571576 -0.0342543 -0.0120608 -0.0011689 -0.000739059 0.000519806 -0.000531242 0.000629102 0.000506477 -0.244452
icddrb63 icddrb63 0.205968 -0.0426914 0.0161939 0.0033933 0.861421 0.22636 0.0118189 0.322341 -0.0431256 -0.0207836 -0.00987723 -0.00565005 -0.00492052 -0.00272385 -0.00621822 0.00412093 0.000573219 -0.235888
icddrb90 icddrb90 -0.286047 -0.0940379 -0.172636 -0.00844527 0.0141987 -0.0305925 0.179446 -0.0608362 -0.216671 -0.481486 0.02322 0.0148974 -0.00269027 -0.72039 -0.023653 0.0292596 0.00196992 -0.206147
icddrb93 icddrb93 -0.184443 -0.0242109 -0.119675 0.0134326 0.0574387 -0.188872 0.107141 -0.122807 -0.686749 0.601834 -0.00543473 -0.00198723 -0.00228777 0.0200008 0.00215851 0.00422589 0.000692958 -0.225986
icddrb111 icddrb111 -0.288198 -0.0949883 -0.173922 -0.00560756 0.0172432 -0.0347889 0.177829 -0.0570283 -0.208236 -0.522188 0.0213851 0.0162069 0.00916395 0.692636 0.00206636 0.00210365 0.00138974 -0.211315
SRR6117460 SRR6117460 0.228403 -0.0795517 0.0145845 -0.12793 -0.14536 -0.0400044 -0.0130239 0.0866807 -0.0247703 -0.0158974 -0.0342879 0.237668 0.477667 -0.000462744 -0.641505 -0.374704 -0.00420507 -0.236363
SRR6147472 SRR6147472 0.228651 -0.0802781 0.0147539 -0.131833 -0.136268 -0.036379 -0.0129532 0.0772469 -0.0182312 -0.0191487 -0.0449295 0.433614 0.455519 -0.0124519 0.629759 0.212197 0.000725761 -0.24007
SRR6147581 SRR6147581 0.229913 -0.0798241 0.0147609 -0.136546 -0.155833 -0.0445439 -0.0150095 0.100099 -0.0254064 -0.0242204 0.00604737 -0.36791 -0.0164538 0.0103029 -0.136182 0.41341 0.71024 -0.23344
SRR6147587 SRR6147587 0.229258 -0.0789145 0.0160256 -0.131293 -0.142494 -0.0566351 -0.010111 0.0832012 -0.04788 -0.0558169 0.0147811 -0.441201 -0.149396 -0.0201074 0.38116 -0.682578 -0.000299339 -0.242854
SRR6147945 SRR6147945 0.229766 -0.0797635 0.0146415 -0.136373 -0.15554 -0.045616 -0.014454 0.0998766 -0.0271753 -0.0264237 0.00679687 -0.37145 -0.0195208 0.00975751 -0.133244 0.419983 -0.70394 -0.23658
SRR6147964 SRR6147964 0.22836 -0.0798542 0.0148668 -0.133092 -0.149616 -0.0406285 -0.0127512 0.0924211 -0.0210879 -0.0180341 -0.0432942 0.531682 -0.735562 0.00677184 -0.0971695 0.0061816 0.000576165 -0.234293
SRR6148259 SRR6148259 0.220778 -0.0756883 0.0220385 -0.0376673 0.208382 0.0539691 -0.0135154 -0.897409 0.183714 0.00568911 -0.0122779 -0.0139941 -0.0106899 0.00118266 -0.0125772 0.009354 0.000466954 -0.239314
SRR6813716 SRR6813716 -0.263505 -0.0980218 -0.160604 -0.0306924 -0.0411372 0.0549909 0.334163 0.0989273 0.463915 0.285922 0.613719 0.0245858 0.00123544 0.00462336 0.00483564 -0.0112516 -3.0731e-05 -0.306034
SRR6813717 SRR6813717 -0.333268 -0.0350704 0.911445 -0.0102201 -0.00454066 -0.0077321 -0.00448568 0.00441955 -0.00603295 -0.0183526 -0.0135881 0.00019603 -6.68047e-05 -0.00100465 -0.00200732 0.00243327 0.000519789 -0.237018
SRR6813718 SRR6813718 -0.2753 -0.101904 -0.16555 -0.0227354 -0.0410316 0.105301 0.212875 0.0734706 0.347155 0.199982 -0.781312 -0.0589338 -0.00832023 0.00152709 0.00612649 -0.0111524 -0.000529667 -0.218521
SRR6813719 SRR6813719 -0.291117 -0.0987468 -0.168626 -0.0222293 -0.104955 0.458137 -0.771361 0.00251314 -0.0296219 0.0463068 0.0720812 -0.000972764 -0.00205831 0.000688102 0.00279297 -0.00650879 -0.000141375 -0.228886
SRR7898459 SRR7898459 0.176229 -0.0611672 0.00967325 0.943285 -0.128749 -0.00653073 -0.00691456 0.0442734 0.0107111 -0.023655 -0.010582 -0.0014924 -0.00191577 -0.00305483 0.00102804 0.00506365 0.000639521 -0.23636
