icddrb29 icddrb29 -0.305442 -0.100573 0.126387 -0.00140401 0.0151409 -0.712375 -0.0148486 -0.497973 0.269192 -0.00737988 0.0670135 -0.00139126 0.000459021 -0.0004162 0.00325264 -0.000312478 9.76176e-05 -0.218373
icddrb47 icddrb47 -0.879268 0.245746 -0.0537811 -0.0100143 0.0115952 0.263339 0.000186088 0.169455 -0.0734382 -0.0104068 0.0173999 -0.000118337 9.2881e-05 -0.000108451 -0.000366649 0.000268369 6.94301e-05 -0.243931
icddrb63 icddrb63 0.0937216 0.167308 0.00109684 0.28092 -0.853606 -0.0178962 0.314903 0.00265653 -0.00362785 -0.00998188 0.0186019 0.00168892 0.00244964 -0.00131959 0.000329016 -2.39539e-05 0.000120299 -0.236015
icddrb90 icddrb90 0.0148734 -0.298195 0.166903 -0.0100944 0.010763 -0.0620576 -0.00668952 0.145962 -0.358537 -0.0189076 0.419768 -0.00931768 0.00240561 -0.000539936 0.710553 -0.00196117 0.00460052 -0.217873
icddrb93 icddrb93 -0.0157551 -0.203805 0.131165 -0.00252936 0.00720051 -0.172303 -0.00759559 0.0524115 -0.508279 -0.00859445 -0.772995 0.0147912 -0.00258005 0.00231887 -0.0118966 6.26264e-05 -0.000429621 -0.228353
icddrb111 icddrb111 0.0159815 -0.300758 0.168269 -0.0101846 0.0115685 -0.0597389 -0.00679885 0.14421 -0.34755 -0.0183576 0.436245 -0.00736539 0.00243858 -0.00180552 -0.703475 0.000261853 -0.00393191 -0.223454
SRR6117460 SRR6117460 0.125216 0.207131 0.000728745 -0.193502 0.0841434 -0.00348606 0.0744118 -0.00513568 0.00220135 -0.00819839 0.00671003 -0.331881 0.559424 0.641452 -0.0001967 0.00623645 -0.000524281 -0.237909
SRR6147472 SRR6147472 0.125134 0.206923 -0.000149813 -0.188419 0.0818734 -0.00421302 0.0724237 -0.00536869 0.000164175 -0.0116369 0.00908504 -0.447974 -0.775174 0.188353 2.02028e-05 0.00279492 -0.000418175 -0.238219
SRR6147581 SRR6147581 0.126027 0.209337 0.000246053 -0.198777 0.0841243 -0.00421377 0.0739243 -0.00556166 0.000479366 -0.00759628 0.0210004 0.398476 -0.0249606 -0.0279445 -0.00335716 -0.424811 0.700137 -0.238408
SRR6147587 SRR6147587 0.125925 0.209133 0.000225525 -0.197875 0.0835799 -0.00537963 0.0723435 -0.00558925 -0.00117818 -0.00805381 0.0228716 0.411516 -0.0287381 -0.0296739 0.00274138 0.812731 0.015848 -0.237781
SRR6147945 SRR6147945 0.126083 0.209328 0.000241441 -0.198834 0.0840867 -0.00419124 0.0739618 -0.00554816 0.000468963 -0.00802273 0.0218508 0.400813 -0.0252992 -0.0280641 0.00523081 -0.398656 -0.713806 -0.238887
SRR6147964 SRR6147964 0.124896 0.207113 0.000282553 -0.195725 0.0839357 -0.0040318 0.0741602 -0.0050554 0.000801897 -0.00675746 0.00181155 -0.447192 0.289844 -0.742018 0.000799454 0.00467673 -0.000559808 -0.236552
SRR6148259 SRR6148259 0.120865 0.19852 -0.00228895 0.166114 -0.16421 0.0151554 -0.913334 -0.00520861 0.00559049 -0.00895272 0.0146835 -3.38813e-05 0.00264371 -0.000923151 0.000879487 -0.00116893 5.25017e-05 -0.238001
SRR6813716 SRR6813716 0.0195397 -0.300141 0.151753 -0.0176155 0.000633414 0.0785058 -0.000770097 0.311026 0.444247 0.705248 -0.110158 0.00241534 -0.00333615 0.000820461 0.00398866 0.00108281 -0.000132415 -0.276393
SRR6813717 SRR6813717 0.0226402 -0.295851 -0.922174 -0.00681016 0.0083469 -0.0675016 -0.000751898 0.0112232 -0.0061654 -0.0131512 0.0113359 0.000204848 0.000788416 -0.000117679 0.000559844 2.51169e-05 0.000100268 -0.237517
SRR6813718 SRR6813718 0.021316 -0.298441 0.156931 -0.0186076 0.00231536 0.0859786 -0.000504593 0.307588 0.465658 -0.70769 -0.125554 0.00457348 0.000840174 -0.00156445 0.0032413 0.000802077 0.000259601 -0.223688
SRR6813719 SRR6813719 0.0226026 -0.287753 0.0983262 -0.00743461 -0.0041187 0.606022 0.0125921 -0.697678 0.00823116 -0.0031107 -0.028561 0.00120853 -0.000210691 -0.000494453 0.00312116 0.000726411 0.000101569 -0.227741
SRR7898459 SRR7898459 0.114203 0.178059 0.00466095 0.814225 0.44908 0.00554127 0.183513 0.00488048 0.0102764 -0.00845106 0.0139105 0.00455983 0.0026042 -0.00262964 0.00114859 -1.88366e-05 6.89687e-05 -0.237608
