icddrb29 icddrb29 -0.146551 0.300533 -0.10448 0.00675603 0.191923 -0.762332 -0.390158 0.0461055 0.239255 -0.0390827 -0.0248227 -0.00408897 -0.00109353 -0.00661399 -0.00333802 0.00411437 0.000716498 -0.213146
icddrb47 icddrb47 0.039765 0.900465 -0.0127098 -0.0220057 -0.108664 0.301974 0.138406 -0.0209822 -0.0571722 -0.0341767 -0.0120346 0.00116556 0.000737933 0.000523943 -0.00053007 0.000625148 0.000504742 -0.244456
icddrb63 icddrb63 0.205928 -0.0424929 0.0161993 0.00384583 0.861635 0.225746 0.0117318 0.322274 -0.0430393 -0.020662 -0.0098737 0.00564579 0.0049193 -0.00271587 -0.00621858 0.00411601 0.00057159 -0.235881
icddrb90 icddrb90 -0.285927 -0.0943597 -0.172635 -0.00823531 0.0141595 -0.0305974 0.179415 -0.0606853 -0.217239 -0.481227 0.0233621 -0.0148899 0.00268443 -0.720397 -0.0236345 0.0292606 0.00196665 -0.206214
icddrb93 icddrb93 -0.184618 -0.0245029 -0.119669 0.0143945 0.0569294 -0.188657 0.107263 -0.121849 -0.686231 0.60264 -0.00565823 0.00196743 0.0022847 0.0200419 0.00214932 0.00421718 0.000692087 -0.225941
icddrb111 icddrb111 -0.28808 -0.0953134 -0.173921 -0.00538209 0.0171963 -0.0347936 0.177797 -0.0568854 -0.208802 -0.52198 0.0215703 -0.0161967 -0.00915937 0.692628 0.00205506 0.00209314 0.00138753 -0.21137
SRR6117460 SRR6117460 0.228417 -0.0793232 0.0145906 -0.12819 -0.145242 -0.0399782 -0.0130347 0.0866819 -0.0247452 -0.0158368 -0.0342209 -0.237675 -0.477658 -0.000471557 -0.64147 -0.374781 -0.00420289 -0.236362
SRR6147472 SRR6147472 0.228665 -0.0800498 0.0147601 -0.132097 -0.13614 -0.0363631 -0.0129667 0.0772347 -0.0182348 -0.0190842 -0.0448325 -0.433623 -0.455529 -0.0124248 0.629734 0.212252 0.000723829 -0.240071
SRR6147581 SRR6147581 0.229927 -0.079594 0.0147669 -0.136833 -0.155702 -0.04452 -0.0150253 0.100092 -0.0253997 -0.0241354 0.00599571 0.36791 0.0164511 0.0103076 -0.136224 0.413396 0.710236 -0.233453
SRR6147587 SRR6147587 0.229272 -0.0786851 0.0160316 -0.131557 -0.14238 -0.0566146 -0.0101273 0.083211 -0.0479281 -0.05569 0.0147279 0.441205 0.149399 -0.0201022 0.381233 -0.682539 -0.000300283 -0.242849
SRR6147945 SRR6147945 0.22978 -0.0795334 0.0146476 -0.13666 -0.155411 -0.0455919 -0.0144691 0.0998707 -0.0271703 -0.0263329 0.0067435 0.371446 0.0195156 0.0097634 -0.133289 0.419964 -0.703944 -0.236584
SRR6147964 SRR6147964 0.228373 -0.0796264 0.0148728 -0.133362 -0.149491 -0.040604 -0.0127644 0.0924158 -0.0210649 -0.0179792 -0.0431851 -0.531693 0.73556 0.00677112 -0.0971617 0.00617364 0.000574632 -0.234299
SRR6148259 SRR6148259 0.220784 -0.0754689 0.022044 -0.0375436 0.208412 0.0538474 -0.0134954 -0.897669 0.182553 0.00580232 -0.012284 0.0139888 0.0106888 0.00119152 -0.0125786 0.00934842 0.000465413 -0.239309
SRR6813716 SRR6813716 -0.26333 -0.0982982 -0.160605 -0.030896 -0.0409248 0.0548986 0.334188 0.0984826 0.4644 0.285537 0.613695 -0.0244698 -0.0012309 0.00460448 0.0048409 -0.011247 -3.24914e-05 -0.305919
SRR6813717 SRR6813717 -0.333239 -0.0354452 0.911445 -0.00994872 -0.00458733 -0.00770611 -0.00447343 0.0044442 -0.00598022 -0.0183605 -0.0135554 -0.000198238 6.59961e-05 -0.00100449 -0.00200541 0.00242999 0.000518067 -0.237016
SRR6813718 SRR6813718 -0.275152 -0.102206 -0.165551 -0.0227459 -0.0408869 0.105275 0.212875 0.0731768 0.347617 0.199288 -0.781337 0.0587919 0.00831445 0.00153634 0.00612819 -0.0111562 -0.000529586 -0.218549
SRR6813719 SRR6813719 -0.290997 -0.0990759 -0.168625 -0.022129 -0.104769 0.458296 -0.771292 0.0025888 -0.0294345 0.046382 0.0721186 0.000984406 0.00205767 0.000688928 0.00279546 -0.0065116 -0.000143482 -0.228901
SRR7898459 SRR7898459 0.177019 -0.0606586 0.00964961 0.943031 -0.129539 -0.00607906 -0.00676192 0.0445081 0.0114206 -0.0239818 -0.0104658 0.00149708 0.00191575 -0.00307325 0.00103449 0.00506369 0.000637552 -0.236396
